22 7 7230.19
3 3 9323.84
4 10 3895.45
19 4 157.87
13 8 8185.72
17 12 5640.13
1 8 640.73
21 3 3715.0
24 1 2197.53
6 6 6940.81
1 3 3439.4
24 7 8466.19
5 11 9869.91
16 1 3146.32
14 3 9752.78
2 12 2927.44
3 6 4975.93
8 1 994.48
13 12 4327.49
18 1 7458.53
14 3 6506.81
13 6 988.10
11 4 8093.85
4 1 7563.55
5 5 7002.48
1 10 9464.47
12 11 8379.71
22 3 8215.7
11 6 2811.85
9 2 5801.81
3 10 2199.41
15 9 6642.87
13 5 9237.11
6 7 5168.11
1 2 3156.62
20 8 6834.82
10 3 1504.45
12 8 5046.18
18 1 5123.23
19 9 1740.20
12 10 670.48
22 11 7915.60
15 11 4958.24
5 12 6490.28
21 6 140.67
1 10 9251.0
3 7 5906.17
13 5 8585.64
23 5 9845.75
6 2 4103.6
23 6 9992.42
10 12 194.55
17 7 2316.76
2 11 8250.53
1 11 3043.59
18 8 543.29
15 12 3607.31
20 12 2028.42
6 7 4726.72
4 11 977.47
14 6 8071.57
9 1 2756.91
5 8 7524.79
15 11 3818.2
20 1 8518.19
11 10 2726.90
14 5 7267.98
6 9 3381.93
8 9 4739.33
10 8 2988.79
10 1 8700.49
23 5 6924.94
4 5 8482.69
17 4 2195.87
7 6 5154.18
12 7 7374.68
3 10 1632.4
14 12 1558.10
5 12 5702.15
20 8 9283.9
5 1 8111.72
7 10 1566.21
19 11 5184.91
16 8 1176.44
3 3 920.0
21 8 7686.87
19 12 8701.12
19 1 2641.24
16 2 4838.77
1 7 82.46
23 7 7626.79
15 3 4303.80
3 7 9187.48
22 1 7715.74
7 3 7849.17
12 1 3135.64
9 10 7807.90
10 5 7013.71
18 8 5615.75
15 2 9410.2
11 11 9936.20
11 10 1237.84
8 7 9963.12
14 10 4704.2
3 9 3926.94
15 1 695.21
13 6 1340.89
16 2 3137.15
5 2 5427.78
23 4 3209.69
20 9 1227.39
3 10 5988.83
12 7 8807.24
4 9 676.31
23 2 2783.77
18 8 3097.15
23 10 5767.18
11 1 3124.85
3 10 1599.39
5 2 5619.37
7 12 9400.44
16 10 4088.6
1 4 7236.93
22 8 1643.45
3 9 6820.66
5 9 6942.15
15 3 7117.22
22 4 9405.74
19 2 5115.37
17 4 127.43
6 1 7589.22
13 2 6874.24
8 9 5313.78
18 1 7693.37
4 9 5584.84
16 7 5313.26
6 12 6081.14
1 12 2453.77
18 6 743.98
22 1 2180.8
19 11 1632.73
12 9 9149.57
12 9 9233.16
24 4 8856.54
7 7 9578.71
5 1 7623.20
11 6 4834.24
4 5 1352.93
9 9 5045.91
4 2 1928.17
23 4 7391.74
11 4 5677.74
6 6 9205.18
22 2 4526.48
18 9 3495.0
21 1 9979.63
15 7 120.64
14 11 5202.25
20 7 5138.85
13 10 7994.47
20 2 5166.0
24 11 8609.78
3 8 5699.27
12 5 5495.12
16 6 680.80
13 9 6133.56
8 8 9666.84
1 1 6088.46
21 1 5642.65
22 3 4553.99
22 6 921.87
23 11 2943.45
21 1 9204.12
14 9 5369.37
3 3 5794.89
20 10 6809.84
16 7 5658.3
5 7 5970.2
5 10 8395.63
14 6 9844.91
11 3 1889.64
10 5 1489.60
18 6 713.49
15 1 7721.81
7 7 7266.14
4 2 6354.93
9 4 1546.77
24 9 1009.42
21 2 7738.31
10 7 3330.65
12 1 6743.20
7 8 6205.80
14 10 1217.94
14 1 741.61
1 9 2130.35
11 7 1158.43
1 2 9582.47
4 1 5602.86
21 10 7222.79
5 4 187.51
8 11 7206.10
20 6 9388.38
11 7 8970.10
20 2 1084.97
22 3 2341.94
19 5 9791.62
13 2 2695.93
9 9 2672.42
1 2 9624.76
20 6 118.97
19 6 1300.16
6 5 911.84
5 9 5688.90
15 1 7044.63
8 7 6783.0
22 5 7707.75
4 11 5066.50
3 7 7349.28
5 12 5753.8
9 1 3393.18
18 2 8862.18
9 7 5666.93
20 2 4670.5
3 7 6023.35
17 8 2790.89
16 5 8655.47
11 8 2164.49
21 3 5099.75
8 12 7040.70
20 1 6965.8
18 5 303.17
17 3 478.74
5 4 2627.96
17 1 7744.3
5 2 2527.78
18 1 8321.89
13 12 4486.93
6 5 2490.22
19 6 814.68
6 11 4623.79
21 12 7567.70
7 10 5609.68
17 9 1377.21
2 4 893.54
13 11 9781.93
11 3 6560.67
11 3 1998.97
14 5 4489.76
12 12 4526.92
8 2 2358.58
24 2 4122.0
14 10 9031.56
1 10 6178.3
15 1 232.45
24 7 2359.70
9 12 4950.56
9 2 7407.73
19 6 7395.71
1 5 444.38
16 7 2599.76
14 6 1850.46
13 2 2926.93
2 12 4139.33
14 10 7934.75
14 3 9649.92
13 6 5991.22
20 7 3967.5
22 5 8338.93
9 10 6940.55
3 11 3068.84
15 5 2119.87
9 12 1359.60
16 11 418.87
24 5 8814.37
15 1 3191.71
19 6 3369.87
18 12 697.58
11 12 7297.50
12 6 340.23
11 11 3963.10
23 10 5561.41
2 10 3794.75
7 3 5018.87
9 5 7024.44
5 6 9623.77
2 10 4962.64
7 9 4048.55
10 3 9366.48
5 4 332.39
18 2 2419.37
23 12 5833.7
17 6 8426.75
4 4 7829.92
24 8 6697.3
20 2 5605.86
13 10 2690.40
12 3 3322.70
16 2 2358.34
7 10 3390.70
13 11 8053.34
21 5 1354.90
6 12 7117.50
11 10 6516.49
18 10 8864.20
12 6 3329.39
16 10 8804.13
14 11 2497.77
20 3 4863.67
8 7 3921.14
17 4 6704.33
10 9 4148.52
4 4 3650.50
7 11 404.62
14 7 1142.81
21 6 6765.55
17 4 5419.56
4 5 8243.71
7 1 5936.80
24 10 639.16
10 8 6713.2
1 3 4350.81
9 10 531.81
20 11 275.10
16 11 3550.2
18 7 7323.34
1 6 9218.47
19 6 3061.36
24 2 6458.74
16 10 1517.99
11 2 2525.4
5 11 2310.70
15 11 5466.30
12 12 6587.4
18 3 2597.31
4 6 5082.45
15 6 7235.57
13 6 147.22
15 1 2432.35
20 4 9015.77
24 12 4912.30
10 6 5995.59
16 7 3117.24
10 10 2943.55
23 5 213.93
17 1 9568.50
15 9 3425.76
17 9 7032.33
6 6 8890.44
18 10 3634.71
19 11 5272.1
24 3 3130.71
7 1 1932.22
18 11 6901.3
5 3 9746.43
6 4 794.43
14 4 3362.7
5 6 2060.77
24 5 2540.26
18 6 6142.77
15 12 2951.60
4 4 704.16
15 7 5852.30
24 6 3863.27
10 12 7067.81
13 5 991.71
17 7 8715.78
17 11 2789.30
19 9 6739.17
7 2 649.68
17 9 9243.3
3 1 9810.10
7 12 7637.19
22 6 8010.88
18 6 721.84
10 12 5360.97
21 1 9685.2
19 4 8505.83
23 5 6254.97
14 2 677.24
13 3 7759.0
14 2 770.38
12 3 8348.4
15 5 6422.10
14 4 8595.95
18 2 2359.4
22 5 8638.45
24 4 567.34
7 1 64.39
10 12 7859.96
2 6 8637.64
7 4 6181.72
5 12 1645.55
8 11 5866.32
7 7 1557.35
7 10 8887.61
17 6 5274.31
3 8 772.34
13 5 2411.59
16 1 3217.31
16 11 6775.50
18 11 1001.45
19 1 670.39
10 5 5633.18
21 8 1898.51
2 9 3484.7
3 11 6832.30
18 6 910.69
5 2 6967.90
4 1 9460.53
4 9 2121.97
5 11 1653.36
6 1 4757.46
16 6 5734.85
23 8 2151.64
8 3 8839.47
18 2 7233.21
18 4 6962.60
6 1 4302.53
18 3 9814.96
10 4 6340.59
20 8 6621.19
18 2 2807.8
19 3 8569.12
2 12 1530.7
12 4 5732.69
3 12 109.4
12 1 4795.98
14 11 4279.26
6 8 4120.17
13 11 9952.91
17 12 5710.54
8 7 8509.89
23 4 5819.96
6 5 4521.55
22 4 1796.54
15 9 8716.23
9 4 2927.64
7 6 5326.53
12 6 3924.33
21 11 4379.45
21 9 6166.7
15 10 6424.79
10 7 2787.71
13 8 3771.42
11 7 1365.40
11 6 2733.57
22 5 5039.47
20 2 3721.45
22 1 941.17
20 9 4964.46
12 6 9979.15
8 11 708.30
17 2 2212.46
17 9 5998.67
9 12 7792.79
16 11 1127.76
5 11 763.20
2 2 4638.54
11 4 8674.47
8 9 7482.19
6 9 4268.69
13 6 7214.7
4 4 1775.52
6 6 8073.43
10 4 862.93
17 11 8475.9
22 7 1100.45
17 9 1292.37
12 8 7650.50
6 2 2813.83
11 4 2207.0
7 9 3418.99
2 12 4423.31
15 11 9118.51
7 3 7471.9
11 10 8358.65
20 11 323.81
10 12 531.34
14 10 6788.24
10 7 9102.24
18 12 5647.48
16 9 9852.30
9 10 1758.37
14 5 7040.62
10 8 9372.20
15 2 3733.10
22 10 5855.36
6 4 9936.49
5 3 7579.80
14 7 736.75
5 7 2416.55
1 5 2261.24
6 11 2716.80
22 9 9408.10
9 12 4555.68
16 8 1045.89
22 4 249.21
14 9 7983.31
14 2 1308.65
23 5 3676.29
15 7 7051.35
24 8 8564.14
3 7 5610.91
2 6 8994.45
13 4 5933.68
19 10 4454.77
11 5 9903.82
7 1 3892.20
21 1 781.89
18 9 5702.63
10 1 1613.82
8 10 1801.9
2 8 5989.1
5 7 1182.93
6 8 5440.43
20 9 6675.50
22 4 4211.84
7 6 7267.17
18 5 8293.70
5 2 1700.28
12 12 4333.30
22 12 6605.81
22 10 9284.43
15 1 7438.14
10 3 2763.85
23 2 3566.21
15 7 4604.58
7 3 6084.88
16 5 2679.37
3 6 7731.78
23 4 3668.74
12 3 5223.28
8 6 3783.89
24 1 7824.6
22 12 275.90
17 5 3275.22
2 3 4801.62
5 4 3063.42
10 12 939.76
21 3 6585.77
15 10 5713.14
11 9 4289.92
16 2 4643.75
17 4 2171.69
1 2 5916.37
14 12 6284.62
20 1 6674.16
9 5 3041.17
24 11 9089.72
24 3 5639.37
20 3 9275.57
4 1 8230.28
12 8 2609.66
11 10 8489.34
8 11 5055.54
22 1 7087.61
2 6 2301.94
11 2 9352.14
24 11 4423.73
17 6 2829.70
21 6 8401.90
3 4 4840.88
15 10 2094.96
12 8 7582.76
17 10 3452.70
19 10 370.90
20 7 271.86
2 11 5566.67
13 6 7303.74
18 9 8747.20
7 12 9451.39
24 6 7177.22
10 8 9235.70
21 8 5066.22
15 9 5856.31
10 6 5499.42
2 7 1891.58
3 4 1234.24
14 11 9202.35
4 4 7305.33
18 12 3398.14
7 5 3005.11
19 11 6277.80
1 5 5790.11
21 4 3513.53
4 9 6417.83
15 7 2277.64
10 7 1616.44
14 11 6519.47
21 1 8360.54
19 3 2333.99
15 3 1904.76
11 9 593.95
7 7 606.89
11 9 7306.56
19 10 8680.29
17 9 383.15
11 12 1850.27
12 8 6684.48
21 8 7757.64
12 7 8658.65
21 11 8881.56
10 4 2308.66
16 12 9996.96
8 10 6806.63
9 3 86.5
24 12 1912.97
6 10 3212.68
7 2 8745.61
1 5 5785.96
19 2 952.38
2 11 4825.0
14 1 3025.34
17 3 2023.56
23 9 3041.91
24 4 3821.10
23 7 8167.34
4 5 6485.9
14 11 5880.98
13 6 8731.81
10 1 1054.57
13 9 1020.51
14 1 8926.75
20 10 4119.3
16 8 7200.13
6 9 2353.60
16 8 9607.21
12 12 5283.99
1 1 8712.32
9 2 6721.97
22 1 4795.86
4 1 4545.49
10 10 9584.69
18 6 4267.49
7 8 5167.48
4 11 6564.65
10 2 5301.56
7 4 7679.51
24 9 4729.40
15 6 5598.77
6 1 4469.52
2 5 9954.49
4 4 380.75
3 4 1394.61
8 10 8133.40
6 2 2068.31
17 6 4295.14
21 6 6873.90
11 7 1610.2
3 2 6981.43
18 7 1736.45
22 2 9423.61
22 8 3696.99
6 1 2204.79
12 8 6766.66
21 5 2666.18
23 8 9056.0
24 3 1782.50
9 9 9502.98
10 6 677.59
11 12 113.14
6 10 6054.66
4 9 2830.72
23 7 9910.59
18 1 3958.52
23 7 4574.14
9 4 2963.49
10 11 656.67
17 12 7377.78
8 4 1704.6
9 3 118.55
8 4 7382.0
8 3 2368.56
12 8 2188.22
21 10 5976.44
11 4 6599.83
5 4 1078.51
16 9 5178.38
12 8 6125.61
21 5 65.53
22 11 44.32
2 10 8577.12
23 4 3242.70
23 2 1300.86
7 3 1862.94
23 2 661.78
5 4 6282.99
19 2 5727.55
11 2 2241.68
8 1 5969.3
14 6 5148.41
23 6 5382.5
7 6 6003.6
12 11 5161.71
17 9 5242.35
13 3 1275.11
10 7 1995.57
15 1 490.58
17 2 5119.65
7 6 4784.31
15 6 316.88
10 5 4721.43
17 9 8377.25
17 4 5305.23
4 5 6808.16
17 9 390.83
4 4 5431.4
2 2 111.94
22 12 7662.46
12 1 7731.11
17 11 8174.87
11 9 8566.38
23 1 7867.54
23 3 2581.10
16 4 4499.38
16 6 9786.11
19 2 4986.93
21 11 4634.42
24 4 6174.75
5 10 9806.38
16 11 1166.63
7 4 6855.64
11 5 9923.81
20 9 1967.56
10 5 4344.99
13 1 9858.49
20 9 5448.79
12 5 3718.48
6 3 1867.3
10 12 4677.64
18 11 9049.38
3 5 5604.18
14 4 4512.74
24 7 9620.63
1 9 1525.22
12 9 4588.14
20 2 4500.68
9 12 5133.50
7 5 4163.8
21 9 244.70
3 12 9097.31
9 4 1210.96
14 12 4669.24
11 3 3244.80
20 11 7126.33
3 9 6185.37
23 6 5237.41
17 5 8180.54
16 10 5611.96
13 6 1067.29
4 8 777.99
15 2 1144.48
3 5 1563.74
3 4 2491.94
19 10 517.75
15 9 8488.44
11 10 7814.37
2 5 5857.62
19 4 3757.56
13 7 8073.90
24 2 1433.53
15 11 6168.64
2 5 6378.82
15 12 7121.49
10 5 4008.46
18 1 6023.76
18 1 283.50
3 8 9708.78
21 10 7166.59
18 6 4582.30
3 4 3453.97
13 10 736.29
1 11 3650.60
3 7 7289.95
12 12 3343.84
9 5 6645.13
20 10 988.57
19 1 4676.85
9 5 808.48
22 8 4591.76
6 5 3692.16
22 12 6425.88
12 3 1882.52
11 4 2848.20
3 2 847.92
16 12 7592.29
3 4 8628.90
15 3 9784.11
19 3 623.36
20 10 9584.71
20 2 5994.19
3 6 3839.76
19 8 2878.32
9 3 7033.31
19 6 8394.30
20 9 3968.1
13 5 685.75
1 11 4788.43
21 7 2679.50
22 2 5057.97
10 6 2424.97
2 3 7375.88
10 6 1583.65
6 2 2635.21
18 11 8128.16
16 5 9318.55
13 8 3380.8
14 11 7725.83
19 2 1098.39
1 8 613.99
9 6 4598.1
1 7 10.39
24 5 3490.87
7 9 4438.74
11 7 2931.12
20 4 5505.60
19 12 374.19
22 12 6487.96
7 7 1551.1
17 5 8755.36
20 6 4739.52
4 3 5003.23
10 6 5286.10
19 10 6675.26
15 6 8991.41
22 12 8868.67
21 12 2981.88
5 2 6717.22
19 11 9003.96
7 2 6787.78
12 10 10.10
12 8 4338.47
23 8 5349.93
24 11 5675.21
11 2 6670.44
19 3 625.81
6 9 7916.28
16 5 9824.38
3 11 255.86
6 12 9573.68
15 9 7564.9
5 1 6027.78
19 8 3995.42
21 8 6973.55
5 9 5575.23
24 12 4662.84
11 10 6010.91
13 1 7125.82
8 1 4900.4
7 8 6959.26
23 10 6046.57
19 8 7865.89
23 8 7252.80
13 10 5069.45
5 4 7167.19
2 9 5168.31
13 5 9686.77
1 1 2596.76
19 6 7848.87
22 10 608.9
1 4 3902.96
7 2 5384.49
3 11 5249.26
11 9 1863.87
21 1 5086.6
3 5 3169.14
14 10 133.62
2 1 9413.72
22 12 8812.95
15 6 8850.62
11 6 4545.14
10 4 4012.79
22 3 674.57
15 1 4370.99
12 6 9772.18
1 4 1914.62
6 11 7984.71
17 9 2344.32
4 7 6265.51
2 1 7670.54
13 1 2309.15
18 2 8397.61
7 11 3928.80
7 6 145.17
21 5 6538.29
5 2 9450.32
18 7 6986.75
3 10 5088.49
20 11 9024.12
20 10 3626.20
1 2 8504.5
1 10 5774.86
4 4 7739.68
22 7 5389.85
10 8 9574.31
23 4 5880.69
7 10 1965.60
2 3 9780.30
22 9 6565.96
22 12 1364.22
7 10 6083.27
10 10 758.20
16 1 5.62
3 7 2673.21
1 1 7303.56
5 3 5861.24
12 3 3383.12
20 7 6763.31
4 10 1475.88
16 12 9163.24
18 6 9158.46
21 4 8235.69
3 4 3063.91
10 10 9021.97
16 2 9563.47
8 9 1877.46
19 3 5289.98
14 1 8477.72
24 2 6962.84
1 11 551.68
20 12 1548.84
7 2 9112.54
9 10 521.19
24 11 9286.35
5 6 2570.55
22 8 6725.98
9 10 3693.90
16 10 8829.98
20 4 283.78
15 10 5078.47
13 5 5256.93
11 6 5292.73
15 8 4971.81
6 6 7724.9
4 1 6211.25
23 9 8648.51
16 8 1991.46
10 1 9438.49
5 7 3292.18
9 11 3377.86
3 3 5467.19
20 8 7739.45
12 8 4546.93
15 8 3320.56
15 12 6127.8
5 3 4683.1
18 9 8824.58
15 9 5086.84
5 9 3717.86
19 5 1096.53
24 4 1029.98
23 11 824.67
2 9 4010.20
5 11 8333.61
13 12 1113.25
9 8 8739.43
7 7 7191.98
6 12 4.24
21 8 7770.49
19 3 2826.40
19 5 7786.51
17 12 831.82
6 3 9861.16
24 3 650.79
6 2 2792.35
24 8 6644.51
23 6 6943.84
17 1 5453.38
6 12 64.21
11 4 381.55
1 11 3426.84
5 12 6998.97
19 2 3661.59
1 11 1654.45
10 9 8153.53
3 9 7785.53
6 7 6565.29
22 1 7448.37
2 4 7059.18
6 1 3178.97
6 6 9820.11
3 4 6452.55
19 9 278.68
6 8 1717.28
6 10 7455.91
9 10 6559.10
14 9 7829.96
18 1 6572.89
15 6 7483.33
19 9 9574.34
15 3 8009.11
23 4 58.21
3 3 163.12
18 3 2745.26
6 7 9898.32
15 6 8469.77
16 2 514.17
1 7 1068.28
6 3 8009.12
20 7 8169.15
14 12 6870.63
13 3 8563.66
20 5 6974.63
1 4 994.12
9 4 1819.70
15 5 8667.7
19 5 9845.66
24 6 6821.20
20 10 3405.28
14 10 5317.15
6 1 6150.72
1 8 6267.37
14 6 2896.70
7 12 730.70
1 6 2455.66
22 8 253.5
11 2 1935.32
6 4 6892.31
18 6 9952.28
20 8 6639.73
21 1 2341.75
5 2 2346.47
10 4 7526.22
3 9 861.38
14 6 7876.29
9 2 6454.11
14 12 5204.80
20 2 4236.96
5 4 1302.95
21 3 8113.58
21 4 5986.48
6 1 5938.78
22 3 1284.69
22 2 4036.29
18 12 8673.39
16 9 709.78
12 8 8285.83
9 5 7627.91
2 11 5515.61
6 5 509.71
1 7 1529.55
4 12 1957.92
16 3 6831.80
21 9 5017.29
20 1 1332.84
8 6 2241.41
12 2 4169.30
9 8 5038.24
14 5 4903.58
7 12 5034.43
16 12 3946.36
3 10 5405.37
12 12 7917.17
13 8 7207.6
17 12 8311.26
5 12 2898.18
21 8 1245.88
2 12 3277.49
3 2 7820.29
14 4 4006.53
22 11 6855.29
20 10 4125.9
16 6 4841.38
4 10 7215.71
12 11 159.86
20 8 8993.93
12 9 3289.89
19 10 7395.14
2 2 922.57
10 3 3148.59
9 8 8800.26
13 4 9193.19
4 12 5391.72
20 2 6455.78
8 10 826.82
24 1 9621.59
8 11 4065.30
19 11 8246.89
5 8 5391.45
15 4 2110.45
12 8 7285.61
15 7 5192.97
6 1 5019.58
2 11 8193.44
15 8 5007.40
20 3 4633.94
20 6 2852.81
7 10 1600.40
9 7 6599.97
7 10 9532.58
2 11 3974.19
8 11 5634.43
20 3 7029.54
5 2 8186.97
22 8 1449.29
5 4 9316.30
19 6 859.96
2 11 4441.32
2 11 5850.29
16 6 8583.85
24 12 8163.86
1 8 6268.60
4 11 1590.92
21 9 2869.38
11 7 3270.65
23 1 3293.23
3 7 6076.70
13 9 5332.79
17 12 2851.26
2 4 2317.95
9 1 5379.66
9 6 5709.18
10 7 5018.86
22 7 4580.17
19 8 6158.13
15 7 7438.16
4 10 9316.44
15 9 612.91
2 3 6297.52
6 8 3108.95
1 1 8364.40
16 3 6464.2
23 8 2808.93
16 8 8047.30
10 11 8172.64
22 12 335.37
20 11 8040.41
20 12 2729.3
12 3 8130.21
7 6 8760.94
17 6 6920.52
5 6 3059.96
2 4 174.47
21 2 7378.52
23 12 883.83
3 2 4201.86
12 1 2916.46
16 9 2497.30
17 7 9399.99
11 4 2437.20
23 10 7220.74
11 11 9390.31
9 9 7664.22
10 12 3263.87
8 9 3542.73
16 3 6093.28
11 1 1904.95
14 11 157.12
3 12 5627.42
21 9 5262.31
6 6 8449.62
19 9 1175.21
21 8 4374.45
18 7 2693.92
5 5 905.49
23 5 9835.5
1 11 6366.52
18 9 381.14
14 8 5246.96
15 4 4041.87
4 7 404.41
23 9 3722.17
20 11 4605.16
17 1 7952.25
19 9 2316.63
24 5 2285.81
9 2 888.6
20 6 5584.10
7 8 4618.62
14 4 7406.34
2 3 41.12
23 9 1824.27
13 11 9026.13
2 4 1573.25
14 3 9711.2
4 9 6488.85
24 11 9114.71
14 11 1336.93
14 12 1792.67
18 7 6151.66
9 10 3020.83
4 8 3404.57
20 7 799.80
2 5 1332.94
17 9 3872.88
6 4 7323.39
14 9 2852.65
11 12 4876.39
2 9 1982.65
5 7 2802.63
8 12 8916.59
4 2 7376.95
22 11 4805.71
2 11 6547.23
9 9 9018.86
18 9 6319.35
18 1 7372.12
21 5 2647.24
19 1 8239.23
16 8 6477.56
11 1 5391.9
13 8 5290.99
6 2 8243.39
15 11 7367.96
17 4 8040.26
18 3 4497.39
11 3 7445.94
1 4 1912.73
19 12 3966.21
24 9 1880.77
8 7 6731.44
21 10 7787.55
20 2 564.13
16 4 2492.77
2 6 1100.43
19 7 5811.26
6 12 883.98
18 11 2899.92
13 8 1612.76
5 3 4607.14
22 7 802.3
11 4 6343.2
23 3 325.1
1 2 5939.50
1 4 5625.84
1 8 9885.20
6 12 753.78
10 9 2512.81
22 5 422.79
12 1 5359.38
17 8 3266.84
3 8 7478.42
21 12 4298.81
2 9 4794.61
23 10 4581.21
3 3 8316.25
12 11 2355.99
1 9 8320.69
19 5 7496.59
23 1 2788.68
7 3 9992.73
23 6 5419.3
7 10 3301.98
18 6 2465.25
9 1 8536.79
15 6 343.29
8 4 2350.84
7 6 7653.5
14 1 3808.9
3 6 6057.28
4 11 3714.52
23 12 8958.65
23 8 7889.14
17 4 6033.30
7 8 7040.75
9 2 4809.42
6 8 4794.43
20 11 6216.77
7 12 2010.87
13 10 7943.85
22 5 6211.94
11 3 8154.8
16 10 5530.13
2 2 4691.44
20 7 4563.62
21 7 5976.29
9 5 866.74
8 6 1770.57
17 9 7020.31
7 2 6615.80
14 5 6046.14
1 7 333.68
22 7 8535.46
13 8 2700.65
18 10 428.88
5 1 3479.94
18 10 4084.11
24 4 5594.59
2 5 8067.69
6 3 8831.13
20 1 4659.91
23 9 3482.90
10 10 8.12
21 7 2091.41
16 10 819.37
10 7 3411.61
16 3 4570.93
6 1 6062.44
4 4 9807.25
10 10 9145.31
7 11 4614.61
8 6 5424.51
7 6 6503.26
4 11 8746.33
15 12 119.2
14 12 5712.30
11 2 5044.77
7 4 1529.96
5 1 6611.71
12 11 9116.68
22 10 8387.87
14 6 1742.57
5 3 4411.37
12 1 5927.46
24 4 5338.62
9 9 6282.35
14 10 7174.52
14 2 2131.10
4 2 2370.56
16 9 8519.92
21 5 8642.46
1 5 6838.65
24 9 9674.6
21 4 9074.32
15 12 8930.97
15 12 4216.23
22 5 7156.45
2 4 4918.94
12 8 7756.86
19 4 774.8
6 3 9578.71
6 7 1655.81
4 6 1094.39
24 2 3449.80
23 6 4703.27
12 3 3423.58
13 5 8545.68
22 10 3185.31
13 11 7276.8
7 10 5653.55
17 7 393.90
20 2 1994.41
14 5 6521.62
24 4 1249.75
22 12 530.18
18 12 5336.89
9 11 8329.78
17 5 1495.11
5 12 2980.47
13 11 7.83
4 5 7596.75
16 6 6719.27
13 7 3567.69
4 4 2745.42
20 1 7566.67
4 4 7749.16
4 5 6815.81
7 12 3134.33
2 3 7240.90
23 6 3453.89
10 4 2930.66
8 11 9323.26
10 6 7462.54
4 11 9714.71
14 10 3357.6
10 12 7197.15
12 4 1515.19
9 1 155.18
9 10 2099.8
14 5 5972.0
21 10 1311.37
9 10 2619.91
14 2 1401.28
14 10 3261.75
17 8 9320.96
11 6 5685.98
23 3 5643.42
21 5 3906.68
12 3 7037.30
20 9 5669.29
12 10 3724.90
13 11 4790.58
19 8 1403.6
17 4 3300.99
20 3 3919.87
15 3 7849.82
12 9 852.56
4 8 9501.60
10 8 2515.92
1 12 5507.84
4 8 1329.95
7 9 3033.22
23 10 8425.26
1 3 5213.32
3 4 72.63
10 5 1021.82
9 12 2645.37
7 10 3900.68
18 11 7036.30
3 4 3477.34
16 7 4357.83
11 7 4476.24
18 9 9367.57
2 11 8135.56
10 9 8631.54
1 10 1940.71
4 5 7708.75
19 6 8488.99
14 8 8386.30
12 6 4713.21
3 9 4564.32
22 1 1511.23
24 10 3344.39
12 3 6288.31
6 2 2162.13
11 8 7589.12
11 2 492.74
11 11 1617.0
7 9 9333.74
6 5 4073.95
23 2 2216.67
13 3 251.21
16 2 8676.83
10 10 4782.50
19 10 97.94
22 11 9180.59
9 8 6606.14
18 9 1673.32
4 11 2443.42
10 10 9422.45
7 5 1786.30
21 6 5940.80
3 4 6162.62
14 7 3531.76
8 12 7417.99
23 5 7083.94
10 9 6997.6
2 8 6785.1
4 3 4728.87
3 2 5075.64
22 10 7505.12
13 6 5242.28
2 5 9964.54
13 8 491.96
15 1 8423.39
7 10 4395.54
2 5 2876.55
9 4 9876.94
7 2 1941.11
3 5 7260.2
16 3 5396.55
2 10 7272.73
14 2 2304.98
22 10 4554.55
12 3 8746.37
24 8 383.26
16 7 6200.61
7 8 2764.20
24 12 1886.87
20 6 4662.52
21 7 5725.35
1 5 5599.48
5 2 9296.45
2 4 2719.96
22 1 206.97
12 1 1848.11
2 2 2692.58
7 6 427.23
11 10 369.33
18 5 4861.4
15 2 8389.98
4 4 501.20
14 11 5730.37
16 11 9164.65
6 5 581.95
6 2 7997.30
1 6 6072.79
9 11 2214.59
4 11 2302.7
18 4 1876.48
20 6 5543.84
19 11 3392.92
10 10 2812.89
22 2 1795.90
24 11 9345.50
4 12 7182.37
3 2 9789.91
18 1 4074.17
23 10 9369.19
5 11 1768.52
17 5 1226.27
4 8 4146.79
2 4 4788.61
20 11 1579.19
7 3 2809.92
12 10 6460.87
12 9 2520.57
22 7 1070.71
19 12 0.5
12 2 8014.60
20 5 6869.45
8 1 3393.92
13 1 473.75
20 9 7067.25
10 9 9768.51
18 11 5867.67
2 3 9936.44
8 2 2254.36
12 1 8928.46
6 9 2109.50
15 8 8398.90
20 10 2969.38
6 12 109.28
22 6 7915.86
24 7 3224.42
2 2 991.9
11 3 4771.60
13 10 7583.71
19 7 4203.95
9 8 5853.14
10 10 4824.24
22 6 7116.24
4 8 1966.24
8 11 3206.32
22 5 8652.9
4 5 784.71
9 10 2059.27
9 2 2672.42
13 11 9119.61
8 11 9782.52
6 6 3328.39
15 4 6833.47
7 2 1274.80
7 6 3358.88
20 9 6874.3
1 6 1731.26
3 4 7466.75
11 4 4374.14
6 10 5763.27
2 2 2031.83
1 5 8738.32
22 12 9822.10
11 1 6905.11
5 1 8756.15
12 3 7591.43
16 9 141.95
1 4 3655.9
6 3 7102.54
4 1 7671.98
23 3 1212.40
2 9 8224.44
14 5 2054.52
6 2 6264.49
21 3 7828.61
5 10 6563.98
3 1 1150.16
16 5 3514.69
4 4 1204.37
5 3 8281.90
16 2 7072.76
5 3 7536.97
8 1 6659.80
3 12 248.6
12 1 1510.20
7 5 3873.41
1 8 6389.86
21 2 4557.46
8 10 1758.13
24 5 6099.86
8 4 1793.54
13 8 1437.63
6 12 1545.38
15 2 746.37
10 8 5280.98
21 2 1786.42
19 8 6883.51
14 7 6914.43
9 12 4248.18
2 8 6711.2
18 4 8002.3
18 11 4894.70
9 10 8168.26
18 4 8555.93
10 7 890.53
3 6 7746.1
22 5 7606.21
14 12 743.65
24 4 985.59
18 4 6816.55
20 9 6047.60
17 7 5115.62
19 1 4855.46
9 7 6079.16
2 4 4062.42
21 4 6924.73
17 10 7108.6
7 9 1471.95
18 11 7560.81
7 1 5538.77
2 10 6698.30
8 3 4454.79
2 8 7944.91
24 9 5954.68
8 8 435.31
12 3 2811.74
7 4 9175.50
18 3 7599.96
2 11 3001.54
14 5 8942.99
14 6 7168.71
17 5 594.22
18 1 3672.84
2 10 6515.11
2 8 3509.56
7 11 4751.78
20 11 5485.97
13 2 7961.98
6 3 8544.45
14 5 7744.7
17 7 6326.57
18 10 7946.98
3 2 9746.64
1 8 6972.25
12 10 6134.64
15 7 7876.56
4 5 8996.84
16 12 6400.69
17 8 7260.87
12 5 998.77
1 9 107.73
15 3 8365.23
17 5 6755.15
13 8 7205.39
19 5 9050.64
6 10 1441.56
19 1 2905.8
12 10 8370.76
8 7 8890.62
20 7 6596.70
18 1 8827.39
14 2 489.55
6 12 6799.71
5 5 1236.55
2 9 8551.28
3 6 7327.2
17 6 4203.60
22 10 9449.19
1 3 2368.14
11 4 293.59
1 9 3305.73
19 1 2335.74
6 3 8541.43
4 8 83.58
23 5 2594.34
14 9 472.79
3 10 4713.2
4 9 9412.74
2 6 364.3
14 12 6155.61
19 9 4926.19
5 11 4356.83
21 10 8667.49
5 12 6116.19
20 3 7152.8
23 4 6461.46
18 1 4046.95
9 11 2393.51
7 7 5490.24
18 2 6330.81
4 3 53.39
9 4 7962.35
12 3 9759.21
2 9 3678.29
4 3 3690.82
9 2 8935.16
18 12 9704.75
11 8 3438.83
7 5 6096.53
21 9 4632.68
6 4 221.61
19 4 5424.39
11 3 8767.83
13 1 3702.32
21 7 7977.71
15 8 5519.82
23 4 6575.27
11 5 1203.36
18 7 4759.61
2 5 22.54
23 7 2373.45
16 8 9470.86
11 10 4817.92
13 10 6457.93
10 2 2551.10
4 5 6428.78
24 11 9494.22
15 10 2903.48
20 2 4554.88
14 3 3271.0
21 12 4077.68
20 11 6525.37
8 5 4287.83
11 9 9327.79
19 2 1907.23
1 2 2761.8
20 11 4222.91
18 3 1606.13
10 10 3691.41
8 12 965.34
22 5 3577.74
3 5 7503.29
10 1 4422.94
19 8 1954.4
9 5 2728.55
11 10 5042.64
2 1 80.44
15 12 3829.27
8 8 336.37
10 5 934.31
8 3 1641.98
23 6 8196.89
23 10 8442.29
13 5 9123.29
18 8 7843.93
3 3 6469.32
21 3 1429.4
24 11 4225.26
16 5 8076.26
15 6 4901.68
18 5 8440.81
18 1 2462.50
14 7 5943.78
2 11 5903.52
3 7 5013.26
3 3 7088.53
7 10 6147.72
17 8 5077.85
12 5 5156.13
11 11 3152.33
9 5 7054.65
3 7 6788.10
5 9 9198.97
8 6 5855.42
14 8 3712.87
14 12 9194.86
3 11 9985.54
13 1 8692.2
9 7 148.60
1 5 6961.5
3 8 6522.71
12 3 5263.43
22 11 4387.62
8 10 9038.39
18 8 6082.7
1 12 5845.48
18 8 8343.18
22 9 6243.25
3 9 7458.81
23 10 3200.35
15 7 8273.50
12 3 8334.95
18 5 4644.88
2 12 351.80
9 12 792.60
18 10 9058.8
6 5 1698.24
17 12 4814.74
21 3 9847.52
7 8 5103.25
17 8 1276.27
17 12 6929.46
3 1 8320.1
1 10 8812.16
12 6 2131.47
17 7 4993.68
15 8 9032.23
23 8 5559.33
19 12 281.20
3 12 9575.47
16 3 9381.89
3 5 119.0
3 9 4485.19
21 10 8857.13
7 7 5932.63
6 10 1360.48
6 5 8202.20
22 9 2080.81
14 12 144.66
19 5 2595.68
16 12 8434.28
2 4 7110.84
16 5 178.67
3 1 4750.74
16 10 5845.94
3 10 5048.28
8 3 804.5
22 7 6549.21
9 1 34.9
20 9 1216.31
6 12 1050.16
10 9 7483.3
5 6 6936.75
22 4 2534.53
4 5 6112.54
23 2 2681.51
23 11 1196.51
3 8 1662.56
17 2 9341.40
9 6 7441.78
18 9 7709.22
9 6 6530.96
12 1 9266.93
19 1 7742.32
19 2 1463.59
18 2 2136.91
18 5 1001.10
16 5 4196.73
24 6 4435.43
3 3 8135.61
2 11 8213.67
18 8 6897.50
19 7 4533.64
17 1 6507.27
9 8 5463.3
16 8 7078.3
2 6 7910.39
18 9 1333.46
9 8 7941.37
9 3 5573.76
16 7 1568.79
15 1 3984.11
15 1 6796.12
8 2 176.98
7 8 1558.31
22 6 7234.34
6 12 5455.27
10 12 979.41
7 7 3343.1
5 6 1342.6
18 8 517.39
19 4 8396.60
11 2 8706.93
12 9 4562.42
1 6 9591.59
16 7 559.77
8 11 4671.70
21 8 5140.20
11 10 3395.53
20 10 7440.9
3 8 202.52
15 11 1258.60
10 2 1248.85
24 8 2947.72
2 11 4209.45
15 7 6195.4
12 8 9902.58
7 8 5821.83
23 12 4451.38
8 1 6165.13
20 3 7144.44
21 6 182.85
13 2 9154.23
2 7 8924.20
21 10 600.65
24 3 6265.31
1 4 38.10
14 1 904.68
5 5 4681.63
10 1 6026.38
4 5 7541.19
6 1 1077.88
15 7 4886.86
3 4 7977.53
15 8 6278.42
20 11 8796.45
12 2 9167.58
24 6 6869.38
18 1 7631.74
20 4 3253.93
21 10 9064.41
12 9 1286.48
14 1 2093.8
23 11 2085.38
10 11 9706.43
24 3 4712.53
3 1 3372.24
20 11 7550.92
1 6 6809.97
23 6 2649.96
21 5 797.33
21 12 4166.62
1 7 8091.39
16 2 6225.95
19 10 9019.32
17 2 9085.49
18 12 3422.30
9 12 5689.3
2 6 70.2
16 6 405.10
6 8 5390.93
1 8 4122.83
9 2 4503.63
21 9 1245.97
10 7 4516.20
3 6 8952.41
2 6 3026.76
15 2 3952.75
7 10 5973.10
2 3 425.43
15 10 2992.36
3 11 5746.67
11 5 3060.59
18 3 4464.5
13 2 8350.95
1 6 7861.7
21 7 9793.90
14 10 1999.76
11 5 9854.7
4 1 4649.37
6 7 8165.2
2 10 4761.72
5 3 2220.33
15 4 3476.81
10 7 1668.86
19 6 4725.44
19 9 8329.48
14 9 9821.31
15 12 1716.72
24 6 2313.35
15 6 3420.45
15 8 8197.99
1 10 5280.73
21 5 8672.53
11 8 6905.48
14 3 221.97
19 4 8522.82
5 7 4388.58
14 10 896.51
3 11 3907.72
10 10 5693.4
19 3 4932.81
2 8 3260.80
21 11 5049.76
2 11 159.44
10 6 5884.27
7 1 2928.90
2 10 3805.88
24 10 8366.37
23 8 1836.8
14 6 5538.61
5 5 106.75
14 4 4741.99
16 6 9425.22
11 6 5930.59
12 8 4933.17
23 1 1252.7
8 2 7463.40
21 8 1287.91
22 11 4352.95
14 1 6672.95
13 10 7580.14
17 6 9047.53
12 7 4408.70
8 4 9647.52
24 5 5993.73
7 7 8722.98
12 2 9261.96
17 12 7006.2
16 6 9221.11
15 4 1511.7
2 5 9155.75
15 7 972.4
15 12 6145.21
17 7 8945.2
19 7 78.38
15 4 7130.29
5 1 6330.32
3 6 2583.66
16 12 1582.48
22 9 7043.53
21 10 7989.67
13 10 5610.16
12 5 3357.78
12 3 2070.17
21 11 8022.0
16 6 9285.23
10 3 9912.65
11 12 5622.49
7 12 1035.64
3 6 2591.21
15 1 324.3
22 11 28.44
12 5 848.11
20 6 1618.93
3 11 9637.45
19 12 8805.82
10 3 5097.95
12 2 6026.73
13 3 1857.38
12 12 1436.61
1 11 1681.38
22 10 6292.81
10 6 5098.63
15 2 4894.18
17 8 5913.69
23 8 4421.87
13 2 7306.17
11 7 3139.0
16 3 5577.18
6 5 2858.17
